time,x,y,z,phi,theta,psi,x_velocity,y_velocity,z_velocity,phi_velocity,theta_velocity,psi_velocity,rotor_speed1,rotor_speed2,rotor_speed3,rotor_speed4
0.06,-3.801405885363086e-07,-1.9308238887350676e-08,10.00341299089838,6.282817302064526,0.00033729470420773566,0.0,-3.216777743846856e-05,-1.532430335666744e-05,0.11376104814310836,-0.02269148862388892,0.01499216409143024,0.0,440.1396624244276,441.3783973449028,442.66353042760454,440.79271302774254
0.12000000000000001,-1.5409608340570123e-05,-1.4762134357130888e-05,10.015116547759343,6.281604483305188,0.0022867425958263965,0.0,-0.0006417863891104371,-0.0006188644683547944,0.27633121115711096,-0.01566929691395219,0.05448594360461096,0.0,454.9720478830644,458.1229097593141,455.8638223264297,456.42452990790883
0.18,-0.00012038146414048025,-9.177577354461792e-05,10.03693137691165,6.28091981709602,0.005784674448727323,0.0,-0.003240624446073977,-0.002038716227291369,0.4507750613702267,-0.00402475914620256,0.06500045292296655,0.0,459.7271436634201,460.5615882402225,459.4342513953235,460.35653945094055
0.23999999999999996,-0.0004656544523403663,-0.0002677062562637413,10.069513522313795,6.280313794469087,0.009387502054960528,0.0,-0.008700382931893381,-0.00386915864351667,0.635208483088807,-0.02643764744353784,0.04763147518860692,0.0,464.16614828357217,462.80360296824205,463.7202403338745,461.9566440398713
0.3,-0.0011681658375740577,-0.0005570478597941571,10.108066246491704,6.278846043960975,0.013059010529963722,0.0,-0.015016035617060029,-0.0059117561154400965,0.6498703191248968,-0.020779514943005176,0.07972169152554094,0.0,408.01802546326024,410.87532859362966,409.03530125676764,409.5386593826729
0.36000000000000004,-0.00238966501570822,-0.0010167741725310773,10.152358082660287,6.277372086383799,0.017322892973667514,0.0,-0.02622538732093562,-0.009564562998025727,0.8264043256334586,-0.03348247297639216,0.04174473975286887,0.0,462.2603454643619,459.26170143716973,461.79909955551705,460.79605367352906
0.4200000000000001,-0.004294705279959773,-0.0017059796331057977,10.20292298021179,6.275287553958059,0.01973893558766715,0.0,-0.03750217599339769,-0.013597032755797203,0.8590625122949853,-0.03738822101448548,0.03713651797265672,0.0,415.86028569664217,415.45744849643927,415.98125053649125,415.6385275533223
0.48000000000000015,-0.006985642925097803,-0.0027034948202399006,10.258655213116878,6.272923055541234,0.022357671989919226,0.0,-0.052457576791005794,-0.019900606234867686,0.9985587976479308,-0.04378876335702174,0.0542265775786649,0.0,450.00678815253127,451.38888613999313,449.71729829779264,449.1978532379841
0.5400000000000001,-0.010600722599267406,-0.004116520691612837,10.321274961357995,6.270109061647204,0.025374212052361678,0.0,-0.06836002578560861,-0.0274719598498629,1.088673257718149,-0.053986550005016024,0.04089615060377086,0.0,434.8738774821474,433.75759769623374,435.80278373814264,434.9482642611932
0.6000000000000002,-0.015213915299776804,-0.006035439872212506,10.388738662338156,6.267101526528361,0.027573004843354454,0.0,-0.08564061822468211,-0.036795409888294675,1.1600356911202578,-0.04334915695531823,0.02639792275062643,0.0,428.7629110911471,427.5301934604229,429.44463955632835,430.3441749335867
0.6600000000000003,-0.020978547031660303,-0.008615326510486559,10.463142344330214,6.264180375449474,0.02881090633816008,0.0,-0.10666980731300198,-0.04950067213456639,1.3199051604056478,-0.062369642728491326,0.005440069393703231,0.0,457.1525745858971,455.47972113447014,458.38196424876855,456.8666098445997
0.7200000000000003,-0.02806320240455749,-0.012051331169478704,10.5483557776197,6.260822664635821,0.02942178543779761,0.0,-0.12953510966658513,-0.06544004581637779,1.5202862644588189,-0.04551748713264324,0.018288263462428227,0.0,469.0118236704977,470.00842827956956,468.88542304136024,470.1906428516916
0.7800000000000004,-0.036541122176729154,-0.016521493445448555,10.645711251309242,6.258505400215913,0.03065907318694716,0.0,-0.153191779754289,-0.08385205874913529,1.724597567709548,-0.027528124199820467,0.02492088161977242,0.0,470.2875824907329,470.8009544433312,471.226787374239,472.61451801017427
0.8400000000000004,-0.046440999535220365,-0.022124134435282976,10.754399086886247,6.256953607475836,0.03214441780968169,0.0,-0.17696453674842386,-0.10307641532999555,1.8980461250929648,-0.022725994300660475,0.02442344769366542,0.0,462.5183424228398,462.4792342384033,462.6424063361792,463.02022201005667
0.9000000000000005,-0.057795434657672805,-0.02890992401806258,10.873313383874754,6.255554177444157,0.033584430745143834,0.0,-0.20167071412200416,-0.12326366802533839,2.0654638180113905,-0.02454701017961136,0.02314012900255216,0.0,461.52562232676246,461.4243766934795,461.4943924640374,461.3506126348944
0.9600000000000005,-0.07060888343924047,-0.03689270727754441,11.000610828221385,6.2542187308199075,0.03525987689492105,0.0,-0.22559852281208387,-0.1429688118238704,2.1775643585126194,-0.018032438346323627,0.03609266684276119,0.0,444.3317738722534,445.39251494664757,445.0476781586222,445.58051643344595
1.0200000000000005,-0.08489313870890296,-0.04608165154414226,11.134541755618677,6.25337307197929,0.037641517128066404,0.0,-0.25077244410368543,-0.1634218609277794,2.286572474217166,-0.007196757530917596,0.04606605310611735,0.0,443.86686098542657,444.6853478923115,444.4717363566022,445.3589535390386
1.0800000000000005,-0.10064601191691568,-0.05643914606630772,11.272550535023885,6.25344659367024,0.04007996755886456,0.0,-0.2745624171268905,-0.1818394749540468,2.3136519160504094,0.014240707901953222,0.026653414084510125,0.0,419.08063418715244,417.39084497305635,418.1005874203674,419.9641103561912
1.1400000000000006,-0.11820698705525037,-0.06814462343714758,11.420561657217018,6.25419797348551,0.04212438003276553,0.0,-0.31102370824495557,-0.208217708926855,2.6193896467823428,0.008844994486042982,0.04584274110879072,0.0,502.6810505413902,504.06993169157505,503.00111219267353,502.6100885769808
1.2000000000000006,-0.13793215736943162,-0.08135709717486399,11.58494908195896,6.255009979389111,0.04503563354104312,0.0,-0.34680684421220814,-0.232098011217359,2.8596015092977694,0.02156238823950271,0.05339963258034286,0.0,486.43221778098274,486.9989911294788,484.67539932463734,485.63011494050204
1.2600000000000007,-0.1599032700310428,-0.09599390881026226,11.76427488896615,6.256328921730962,0.04838162660619183,0.0,-0.3859451177447108,-0.25561394563749906,3.117235503750412,0.022809304541402037,0.06012202535783087,0.0,491.637799063192,492.1373889220878,492.2419642245157,492.33419274965155
1.3200000000000007,-0.18411188376181956,-0.11189982263868124,11.955027000118827,6.258398657787829,0.05187685996667746,0.0,-0.42136806116338926,-0.27438655073709395,3.2408034963905683,0.05116443041716227,0.05422998224301817,0.0,454.2809380190919,453.81050073538,452.6267831879971,454.9035032290955
1.3800000000000008,-0.21043022443523704,-0.12884031062609577,12.151487357127577,6.262096333431646,0.054701076434074736,0.0,-0.4562031362141165,-0.2899593930079856,3.307668309017764,0.07698953038863418,0.026217423497469087,0.0,437.51857332219294,435.1812580930962,436.3416719817074,438.4950052650458
1.4400000000000008,-0.23890470184478013,-0.14664367803317466,12.352251320032325,6.266943072059206,0.05631998545260686,0.0,-0.4930938439554474,-0.30301679206707904,3.3842346647637047,0.08744290525217244,0.02846816662511314,0.0,440.14711893618926,440.3335328679089,440.14492984367024,441.01452394696923
1.5000000000000009,-0.2695397278452261,-0.1651089766807047,12.55608808737124,6.272064205400039,0.05785360552643315,0.0,-0.5282207982981745,-0.3120222696827775,3.4102409516838845,0.0808068413042709,0.018998189536643922,0.0,424.0368617911023,423.2226780448466,425.78443237284756,425.2226290777516
1.560000000000001,-0.3026715138036028,-0.18408571988126624,12.767713353507089,6.276887085457549,0.058820824721357745,0.0,-0.5762633319603963,-0.319942947368577,3.6432113311682306,0.0795169869591137,0.009634128880799403,0.0,487.90617075151545,487.20642566296345,488.7979011700674,488.7063260942551
1.620000000000001,-0.33850362744049173,-0.2034008428145433,12.989846961597108,6.281549350758642,0.059570219645094014,0.0,-0.6181924975929391,-0.3234013985760567,3.760854816846258,0.0738101649912761,0.017664075339038635,0.0,454.9860357825347,455.62838138034874,455.7851728443082,455.3334588328577
1.680000000000001,-0.37683286056975507,-0.22282574079391163,13.218414097298758,0.0029545820351266627,0.06076916780693864,0.0,-0.6595489810268059,-0.3236390308933671,3.857714429105055,0.08142091974916746,0.02425670325911431,0.0,449.28996281368273,449.82414952447795,449.7849410752845,450.4054537472622
1.740000000000001,-0.4175998376287026,-0.24217325585080599,13.451632553625933,0.008326344588843071,0.06231850857830068,0.0,-0.6994871862258213,-0.3207866419559759,3.9160192270790106,0.10215437617384829,0.028782525615425446,0.0,437.7388592183788,438.1154815569685,437.99513694959273,439.7228380101595
1.8000000000000012,-0.4610698848561746,-0.26120064047076,13.692727399155219,0.014336466008711746,0.06397258210742507,0.0,-0.7496732351127428,-0.3127570037418774,4.119734911471365,0.09587170870406432,0.025021088648799882,0.0,483.2020423956088,482.9185046130268,483.233902882875,482.7678142076267
1.8600000000000012,-0.5073357286410004,-0.2796663904142669,13.942077589103128,0.020125084134178017,0.06505627998749475,0.0,-0.7926431667705457,-0.3022100767818561,4.191652805684294,0.09765992718658026,-0.0018926330572690171,0.0,446.01541768430786,443.8116647026612,444.52130924056337,444.67577456099366
1.9200000000000013,-0.5561192575164062,-0.29740985134121667,14.194550523546763,0.025570668294508714,0.06492872196836785,0.0,-0.8334637853068968,-0.28871774838508807,4.223978651162833,0.07108774648958492,-0.00259680120143951,0.0,432.757044153964,432.69780651755053,433.8134870293406,431.5831451706766
1.9800000000000013,-0.6076454018917933,-0.31412894135807284,14.453485625582822,0.029653681550784405,0.0647492837999506,0.0,-0.8840190245086358,-0.26812664676269005,4.406483924130759,0.06115662442431862,-0.0037902324461671377,0.0,479.350280791617,479.25963508931443,479.38556131536666,478.6333759332078
2.0400000000000014,-0.6622446129124586,-0.3294991146883665,14.724015136946042,0.0343561956466063,0.06484820687173087,0.0,-0.9359060681489024,-0.24373166739651927,4.6103393536936785,0.10013616493474925,0.0107625157892228,0.0,486.2267097302043,487.31581405681754,485.278674356683,488.19996082569696
2.1000000000000014,-0.7197554899074895,-0.3433993786791874,15.003556898269299,0.040399234745382095,0.06508715785957975,0.0,-0.9811570674528249,-0.21901444773473877,4.707290827686235,0.10185411160909051,-0.015192127847892827,0.0,457.89041621681906,455.8207059745876,456.3588494820433,456.5044394448807
2.1600000000000015,-0.7797323372582918,-0.35585173354122007,15.285059477242143,0.046927506750103376,0.06464518581090495,0.0,-1.0180377912532637,-0.19553518218661572,4.676235838047405,0.11996229154978819,0.004916278183554665,0.0,415.73195232852504,417.49048054864267,415.3887944447836,416.9850717652465
2.2200000000000015,-0.8419421519314939,-0.36676704879449096,15.565033073190962,0.05406386666934715,0.06487570183347646,0.0,-1.0556609195713635,-0.16770197920802615,4.656263350644108,0.1168127888513723,0.0016015584848276191,0.0,420.501331122008,420.2139774097237,419.5706479150842,419.3107298426016
2.2800000000000016,-0.9066339219940756,-0.37570535728126947,15.847159886859453,0.060974039860605345,0.06532098193965474,0.0,-1.1007471533823139,-0.12956240079850748,4.747536545385138,0.11166548721831643,0.017067863049917063,0.0,454.28843757319476,455.52695546369114,456.29941604836296,455.8997343838344
2.3400000000000016,-0.974151470880913,-0.3821148623554045,16.13636816082782,0.06728569499208348,0.06596730588038291,0.0,-1.1499037982696636,-0.08341500100365058,4.892061924457762,0.08733006753463932,-0.006415247281698554,0.0,473.7082908133119,471.8987670585384,473.16376387688297,471.2950574648403
2.4000000000000017,-1.0445533684402863,-0.3857009177334758,16.433090085441464,0.07234328098786591,0.06539700105558666,0.0,-1.196760460105299,-0.03561977454702583,4.998159307577283,0.07740211383607101,-0.016538874118368085,0.0,461.7311846753896,460.93184116229173,463.6784494956085,462.90321968598226
2.4600000000000017,-1.1177871732478586,-0.38627950602761796,16.736655586145766,0.0773368207536782,0.06439352008709065,0.0,-1.2442403414875836,0.016804878302004393,5.120101588232386,0.092871891113229,-0.01709889456499416,0.0,467.8851280214498,467.8416207254964,467.80512634318063,469.01349474366134
2.520000000000002,-1.19372335079497,-0.38375844778887813,17.045541102389674,0.08284831398611026,0.06361556479318509,0.0,-1.2868791206538046,0.06774110087634638,5.175776590791407,0.08975123176319182,-0.005769737271979855,0.0,448.72736765023404,449.6463509564933,448.96842590222127,448.72213046312737
2.580000000000002,-1.2722270184231006,-0.3780498031652533,17.358055239515725,0.08784993434473076,0.06310901921743461,0.0,-1.329864327533999,0.12303075493823354,5.240999187153515,0.06581356602452551,-0.014410031391646,0.0,452.2298813505246,451.53338648517763,454.3717369937053,452.45363326974405
2.640000000000002,-1.3534426884549846,-0.3687311083193945,17.676710180884267,0.09221344373068874,0.062101532415272054,0.0,-1.377198797806932,0.1879873805168088,5.3801221079968675,0.08383530248230786,-0.022039026419601458,0.0,477.335336415748,476.7528093246532,473.8823174369663,475.2694363283789
2.700000000000002,-1.437403866160896,-0.35552760202786454,18.002499166485,0.0972091775396482,0.06021080142881097,0.0,-1.4213495065763582,0.2525973344045649,5.478974007773392,0.08209149495847423,-0.06823550432766211,0.0,466.6889776146205,463.06780821321,465.54177620270696,465.4105956135384
2.760000000000002,-1.5237901275795862,-0.33863628947771596,18.331238667967565,0.10239877455188662,0.05579015137102328,0.0,-1.4578483367619466,0.3108929110272717,5.478977560061678,0.09409146962455468,-0.08771668620931668,0.0,435.65690222529577,434.0201081688478,435.2479603287561,436.2575661151809
2.820000000000002,-1.6123658324969814,-0.31800886749037804,18.66135457309406,0.10823666378283203,0.05025194213861983,0.0,-1.4941846446136025,0.37720999011197437,5.524630938155277,0.10303967371588686,-0.10356148178609915,0.0,450.2834571829731,448.99237703551285,449.8339687788471,450.5660464980185
2.880000000000002,-1.702907060532011,-0.2935369718441581,18.991940436026816,0.11433231105704511,0.044337977497969305,0.0,-1.523391374505599,0.4390497824452666,5.495011521588738,0.09853646779200133,-0.09009385237772957,0.0,425.1328807871433,426.276577398446,426.8930370814104,426.5179309952763
2.940000000000002,-1.7952493489754866,-0.2648801678153738,19.323946861002756,0.12073476575596143,0.03870974977202479,0.0,-1.5541530844620304,0.5167480481139363,5.571442154507164,0.11940790883329232,-0.10250017360319007,0.0,460.97083228847833,459.9820450802586,458.28184545556053,459.9474658497495
3.000000000000002,-1.8892068573839125,-0.23182431407229492,19.657302706802945,0.12759044766329541,0.033573090974055475,0.0,-1.5773399108338002,0.5857173631590054,5.540511348701408,0.101223944933953,-0.06412367240770109,0.0,425.1430189970036,428.4120075717599,426.9400410989169,425.39752024792443
3.0600000000000023,-1.984613736286415,-0.19399806828142283,19.99281133093637,0.13336378068321686,0.029463187420955883,0.0,-1.6024885822235557,0.6757011168481964,5.642516646783936,0.08365548508644138,-0.07911564938208238,0.0,469.59719126666187,468.4292594010473,468.32875673280984,466.9673274092009
3.1200000000000023,-2.0813866106292696,-0.15093114959532886,20.3323916234247,0.13786637121318002,0.024589607291845006,0.0,-1.6228484219541948,0.7602900539331456,5.676587397087534,0.046042755476689866,-0.08581939292892621,0.0,448.9381975370734,448.38853790098983,449.9862245754872,446.9344587770884
3.1800000000000024,-2.179260514037872,-0.1029040590250061,20.672631486637187,0.14024242665585973,0.01909477679329008,0.0,-1.6391882812327268,0.8408441638341981,5.664762771614727,0.021839619726908933,-0.10673963515468764,0.0,434.80032553335883,433.03622153289444,435.7323033697131,433.70459989549227
3.2400000000000024,-2.278043562682248,-0.04982887683927121,21.01341953789791,0.14125023357207933,0.012325388253419334,0.0,-1.6530034456292337,0.9284143010742882,5.694676102588761,0.004084674903901443,-0.12916844511441916,0.0,448.4153395426897,446.5776934633906,448.5280436058353,447.0834244357803
3.3000000000000025,-2.3775743207638644,0.009067561579543595,21.35988518141184,0.14140215274770718,0.005193479870808204,0.0,-1.6638884500472872,1.0347037817151927,5.853374592174919,-0.0007700496162243652,-0.10368627326486188,0.0,486.6907275135616,488.582797501061,486.54053825648367,486.1768253908115
3.3600000000000025,-2.4775918058544915,0.07374948076584951,21.711707142764094,0.14114435094044442,6.282556796269949,0.0,-1.6695083514166646,1.1213240018662396,5.873914831482358,-0.012496280850022108,-0.08626515439881947,0.0,445.85546524187413,447.2686348167319,447.3448526277779,446.3888607054043
3.4200000000000026,-2.5778522570376197,0.14317944187208242,22.061660468649595,0.14033167539726588,6.277067186423391,0.0,-1.6721270705671514,1.1929979249338127,5.791623584746128,-0.015728193383640048,-0.10480571468658186,0.0,413.99874125463646,412.35583656274804,413.08386969095324,412.798806909667
3.4800000000000026,-2.6781300465010545,0.2179959127098284,22.414485136018584,0.1393128046872274,6.270555228306241,0.0,-1.6697685151330814,1.3006290981834945,5.968291859563019,-0.019612769847293144,-0.11727492354644038,0.0,493.42190702142386,492.49115508182956,493.45009290801414,493.1633122931303
3.5400000000000027,-2.7781557209820393,0.29886359236908416,22.775205451031745,0.13786802863282066,6.263695043201661,0.0,-1.663753109907609,1.3947489716205943,6.055276006383462,-0.03497992588709837,-0.10903085327000982,0.0,468.37993342325854,469.0098241022276,468.87988004463773,467.68419363160086
3.6000000000000028,-2.8777354795035266,0.3850196403631287,23.13882064421239,0.13549009205162132,6.256994515931854,0.0,-1.6550048026237005,1.4768940197908513,6.0652091768024095,-0.05109946425273698,-0.11756669254325865,0.0,445.91746794799076,445.2084022277961,446.0980714337859,444.7787179385852
3.660000000000003,-2.9766683391742634,0.4760713689223678,23.503168607262587,0.13219347163648631,6.249821672120834,0.0,-1.6421414886247914,1.5578449303692041,6.079695937443418,-0.06401978224884877,-0.12383184833050236,0.0,447.0187485954878,446.4949880185962,447.71280952294,446.6580624159529
3.720000000000003,-3.074757576605402,0.5717017618227122,23.866803393766194,0.12821766434888904,6.2420974277261685,0.0,-1.6268927178457593,1.6295147199107574,6.041732578279737,-0.07117507082702684,-0.14098961363982962,0.0,431.01747561522666,429.5486094867215,430.16367838409957,429.5537442177453
3.780000000000003,-3.1717523760670168,0.6717153160265714,24.229389122087106,0.12420175532213396,6.233203652699629,0.0,-1.6055301106059543,1.703875076187086,6.044518561053462,-0.05957128319885008,-0.16942306078003452,0.0,443.7510034650585,441.388746392357,442.36145926547795,443.3127476597355
3.840000000000003,-3.267219432528763,0.7763190405026271,24.593799892608782,0.12080523565486789,6.222764368608942,0.0,-1.5757554515938954,1.7825113673811455,6.102267393172014,-0.05126116631878315,-0.18516882792232472,0.0,460.5960931016897,459.32059363326397,459.37160148542597,460.02813614250965
3.900000000000003,-3.3605236517391677,0.8859038677878349,24.96445356673019,0.11736619237702861,6.2112471084511505,0.0,-1.5332230464468117,1.8698299647726475,6.252098725011864,-0.07357147353985613,-0.21110136352465972,0.0,489.6141593984571,487.6476000899871,487.8922479260995,486.22125372026585
3.960000000000003,-3.4514024564468175,1.0000366492625807,25.338972662619227,0.1126399961926765,6.198807926326225,0.0,-1.4950228901609628,1.934186816233354,6.232069350200306,-0.09198468592824764,-0.20067458319165393,0.0,436.52891452921045,437.35515496828157,438.4833523677277,436.94541033377646
4.020000000000002,-3.5398674834676918,1.1178282054731212,25.71132634628262,0.1068493171362288,6.186338140827704,0.0,-1.4528260624892608,1.9917366827792133,6.180096712082683,-0.10758447914583086,-0.228610357263214,0.0,428.7298199758213,426.30356573883574,425.96854771048436,424.62353460336175
4.080000000000001,-3.6253739527653934,1.239202828304555,26.08280190199181,0.10038772909505234,6.172528729957881,0.0,-1.396162703419813,2.0534350837888646,6.202390498859199,-0.10791114482405081,-0.2334377235314237,0.0,450.0736862592674,449.6306893982922,449.4602679535123,449.4237360319238
4.14,-3.707879145195461,1.3635821828424126,26.449926408338655,0.09379179397538895,6.15839754394819,0.0,-1.3530271521868815,2.0921718198539674,6.036080345716066,-0.11431208484413044,-0.24003801986810905,0.0,386.34529277812976,385.6576779893765,385.56832579309065,384.9502009332172
4.199999999999998,-3.7864168001996283,1.491056374633066,26.81641396989279,0.08716998232945805,6.144316045228663,0.0,-1.263441035037537,2.156106511928457,6.179436677904654,-0.10345510803222846,-0.22572512457074673,0.0,484.1740759669238,485.1998079667347,484.20543009889036,485.01192805394066
4.259999999999997,-3.859844126597668,1.6218649027427778,27.187490620881672,0.08121288841095975,6.131349949874467,0.0,-1.1829541179628136,2.2035753197760233,6.189741055267656,-0.09203696715688209,-0.20169583723268247,0.0,445.1821516955472,447.097816227911,444.3541952733658,445.2808894663049
4.319999999999996,-3.9279899883080778,1.7555175444177111,27.560590803007575,0.07556513419182398,6.119271325473623,0.0,-1.0874386393084363,2.2508947233697136,6.246595717092234,-0.09867801860307246,-0.2005517490809424,0.0,459.56683447024403,459.619280818752,461.1824281646347,460.65028744285473
4.379999999999995,-3.991140051116227,1.891453707807578,27.93129530893644,0.06991324794860532,6.107096341101869,0.0,-1.0165955991367883,2.279919130767045,6.110934056415535,-0.08648360973291369,-0.2081135412176039,0.0,397.9385571471556,397.19974787606736,395.70231510952135,396.81479585027057
4.439999999999993,-4.04931102085974,2.029257067888745,28.29692801860184,0.06472091539274238,6.0944256222191235,0.0,-0.9213348412357173,2.313053835949182,6.07692701193365,-0.08664956266646669,-0.21813355444375404,0.0,430.56821940199046,429.6737362460101,430.81795539223253,430.79747773993563
4.499999999999992,-4.101249030140324,2.1690488925871048,28.662037529142385,0.06000960145742251,6.0816726850670175,0.0,-0.8087529191875314,2.346168977043139,6.0931791330201435,-0.06587248463414605,-0.20324494183926045,0.0,445.43490714860695,446.6064472984661,446.51466288100926,448.2017124410079
4.559999999999991,-4.145840502215726,2.3108359750131124,29.029807045766937,0.05576645261361701,6.069374261662254,0.0,-0.6764674809932827,2.37959002607027,6.165241235699685,-0.0827919567071782,-0.20867031377953577,0.0,465.82369638167364,465.35994696114426,464.58642335225437,463.25394908892696
4.6199999999999894,-4.182906567784134,2.454362655819332,29.398834315442635,0.05043197549973666,6.056565173026513,0.0,-0.5579415123690562,2.4041592980824094,6.135649423068736,-0.10538168758020695,-0.2254358476131235,0.0,434.83727885933314,433.3836254494183,433.6548225111514,431.7455874882349
4.679999999999988,-4.21220962916705,2.5993474744335607,29.76786684651827,0.04431732873292127,6.042726559639332,0.0,-0.4175661202351116,2.4280272494418167,6.165051381732142,-0.09574765202190758,-0.24386508163522785,0.0,453.76671052213607,452.2321902763666,451.99556194507574,452.7626159555531
4.739999999999987,-4.2331872045736,2.7455763372756947,30.137136647904057,0.03876720580895565,6.0281815386377495,0.0,-0.28038869265244937,2.4457393976076522,6.143784450947124,-0.08669776734982937,-0.2396731095046936,0.0,437.49491210277813,437.78412624061076,436.18810124307606,436.9359525591734
4.799999999999986,-4.245371562537267,2.892808283106794,30.506237748985026,0.03417826112737199,6.0136839482686995,0.0,-0.12444623006212535,2.4615017661563763,6.1591588319670505,-0.0613964803161675,-0.24584194328313264,0.0,449.5889705103119,449.03103697450257,448.6862166712789,450.7311952879276
4.859999999999984,-4.248810035598045,3.0407912451488373,30.873031412662474,0.030139535025578645,5.999586834423678,0.0,0.01105563155084792,2.4709532909372975,6.0674270452573,-0.08303923267454122,-0.21914654057348604,0.0,413.49920011140523,415.78448366893696,415.0817480916207,413.1736343392367
4.919999999999983,-4.242870440551652,3.189371273526132,31.237771650302896,0.025086527354410748,5.987095626760038,0.0,0.18808565944989078,2.481206713699112,6.090040711310067,-0.08668083851352142,-0.192303660881272,0.0,451.3972464749218,453.51604230877103,453.11976422819276,452.82119574395404
4.979999999999982,-4.226364374536035,3.3384408901185267,31.60285247748426,0.019801204873970413,5.975696578459932,0.0,0.3631431391284148,2.487286725453421,6.078952107053136,-0.09106241204576025,-0.18571399366651445,0.0,442.97207581807913,443.4784819141319,442.6650269826509,442.2977539659938
5.0399999999999805,-4.199070378324469,3.487778791173602,31.96744046840221,0.01435594455505651,5.964463052461582,0.0,0.5476505730657435,2.4901290401656464,6.073545379166679,-0.09014563255953843,-0.19042858740109767,0.0,445.55769085152826,445.1379960173255,445.7864275177364,445.8544741325728
